2 3 3 3
14
26 37 82 8 3
120
2 1 140 399 0
3 2 14 346 0
4 3 40 161 0
4 4 93 168 0 
4 5 189 316 0
6 6 105 110 0 
8 7 3 294 0
10 8 266 335 0
12 9 199 334 0
13 10 243 44 0
15 11 71 355 0
18 12 197 365 0
18 13 286 191 0
21 14 91 166 0
21 15 156 112 0
23 16 178 31 0
26 17 216 73 0
27 18 169 387 0
28 19 256 48 1 (5,18),
28 20 110 55 0
31 21 149 8 0
31 22 122 111 0
33 23 275 254 4 (19,22),(25,27),(30,25),(43,14),
35 24 75 72 0
35 25 106 208 0 
38 26 58 239 0
41 27 5 348 0
44 28 229 264 0
44 29 154 260 0
44 30 172 44 0
45 31 28 137 0
45 32 295 72 0
45 33 204 203 3 (9,29),(19,9),(30,14),
46 34 243 284 4 (9,9),(24,28),(36,6),(49,18),
49 35 25 211 2 (13,25),(26,19),
52 36 196 166 0
53 37 262 290 0
54 38 65 38 1 (11,22),
56 39 96 367 0
57 40 250 196 0
57 41 264 365 0
59 42 167 364 0
59 43 271 6 4 (8,26),(21,19),(29,22),(51,14),
59 44 101 354 0
61 45 133 323 0
63 46 136 215 0
64 47 12 127 0
67 48 284 116 0
67 49 264 14 0
70 50 25 133 2 (21,25),(28,29),
71 51 69 137 0
72 52 50 259 4 (11,20),(33,22),(37,10),(46,26),
73 53 254 82 0
74 54 150 73 0
76 55 167 127 0
77 56 216 247 0
77 57 235 24 0
78 58 98 255 0
80 59 80 40 1 (14,18),
83 60 295 108 0
85 61 282 25 0
85 62 115 146 0
87 63 244 227 0
87 64 262 345 0
89 65 193 127 4 (11,18),(34,14),(44,27),(57,29),
90 66 142 249 0
92 67 264 215 0
92 68 83 21 0
94 69 229 232 0
95 70 268 301 0
95 71 246 117 0
98 72 163 110 0
101 73 209 116 0 
104 74 281 20 0
107 75 86 183 0
108 76 53 123 0
108 77 78 250 0
108 78 241 391 0
110 79 75 172 0
110 80 179 356 3 (13,11),(16,22),(29,23),
111 81 278 187 4 (16,19),(38,15),(61,14),(83,17),
114 82 122 81 0
114 83 179 243 0
115 84 247 38 4 (18,22),(24,17),(42,10),(50,28),
117 85 116 139 0
118 86 1 203 0
118 87 296 176 0
120 88 20 56 0
121 89 21 310 4 (16,20),(25,22),(38,13),(45,22),
123 90 116 186 0
126 91 264 384 0
128 92 139 227 0
131 93 55 94 0
133 94 72 227 0
134 95 49 80 0
136 96 45 179 0
136 97 230 272 0
137 98 192 176 0
140 99 149 300 0
141 100 256 138 0
142 101 132 103 0
145 102 6 342 0 
145 103 147 37 3 (19,22),(39,28),(44,11),
147 104 210 122 0 
148 105 5 157 0
151 106 145 44 2 (2,26),(18,18),
152 107 99 228 2 (3,5),(20,13),
153 108 52 252 0
153 109 195 225 0
153 110 214 250 0
155 111 125 25 0
158 112 112 185 0
160 113 106 128 0
163 114 153 170 0
164 115 251 35 0
167 116 2 85 0
167 117 228 164 0
170 118 296 214 3 (18,7),(23,26),(45,15),
173 119 169 234 0
173 120 284 366 0
2 73
5 12
