4 4 1 2
8
14 29 85 8 10
260
5 1 216 193 0
5 2 133 366 0
8 3 62 161 0
11 4 250 67 0
11 5 76 193 0
14 6 2 301 0
15 7 84 19 0 
18 8 270 260 0
19 9 253 118 3 (7,21),(21,13),(32,28),
21 10 57 46 0
21 11 66 1 1 (19,18),
24 12 71 210 0
26 13 145 347 3 (22,22),(35,26),(55,17),
27 14 29 206 0
29 15 156 237 0
29 16 163 27 0
32 17 285 361 1 (19,15),
35 18 74 18 0
35 19 68 357 0
38 20 44 312 0
41 21 246 293 0
42 22 209 312 2 (14,22),(34,5),
42 23 7 303 0
45 24 30 33 0
46 25 21 307 2 (14,10),(25,23),
47 26 75 342 0
48 27 120 229 0
49 28 104 246 0
49 29 110 216 3 (8,5),(30,23),(51,25),
52 30 24 388 0
53 31 13 141 0
55 32 53 49 0
57 33 239 244 0
60 34 15 201 0
63 35 10 20 0
65 36 212 329 0
66 37 80 9 0
67 38 76 366 3 (19,24),(34,7),(52,17),
70 39 66 7 0
72 40 19 88 0
75 41 168 146 0 
76 42 206 268 0
78 43 46 254 0
81 44 239 360 2 (19,28),(29,19),
81 45 116 293 0
81 46 26 78 0
81 47 20 11 0
83 48 185 102 0
84 49 121 145 2 (5,23),(24,23),
85 50 169 148 3 (22,21),(40,6),(43,19),
87 51 21 340 0
90 52 82 246 0
92 53 115 354 0
92 54 100 65 0
95 55 224 276 0
98 56 294 360 0
100 57 75 9 0
101 58 256 117 0
104 59 92 51 0
106 60 13 356 0
109 61 196 280 2 (2,14),(6,25),
112 62 132 396 0
114 63 81 244 0
114 64 45 390 0
116 65 10 54 0
119 66 162 308 0
119 67 64 205 0
121 68 4 211 0
121 69 118 202 0
124 70 237 20 0
126 71 21 176 0
129 72 165 207 0
132 73 1 39 0 
135 74 1 302 3 (10,17),(20,7),(32,14),
135 75 262 330 0
135 76 246 37 0
136 77 293 57 0 
137 78 227 91 0
140 79 84 286 0
143 80 70 54 0
144 81 261 207 0
146 82 69 75 0
147 83 104 75 0
148 84 183 179 2 (8,7),(20,28),
151 85 18 283 0
154 86 292 283 0
156 87 86 99 0 
156 88 107 260 0
158 89 19 190 4 (23,24),(39,12),(44,27),(55,18),
161 90 169 69 4 (9,26),(19,21),(33,7),(50,27),
162 91 21 4 0
164 92 37 328 0
164 93 56 92 0
167 94 265 101 0
169 95 176 126 0
171 96 115 253 0
174 97 137 84 0
175 98 47 149 0
177 99 8 74 0
180 100 82 84 0
180 101 69 226 2 (15,25),(27,14),
181 102 214 314 0
184 103 189 255 0
184 104 57 371 0
184 105 57 142 0
185 106 39 328 0
186 107 298 207 0
189 108 58 150 3 (19,18),(23,10),(32,5),
191 109 42 114 3 (11,11),(25,29),(47,25),
192 110 124 120 0
193 111 269 155 0
193 112 151 9 0
193 113 269 225 0
194 114 54 336 0
196 115 43 357 0
199 116 31 390 3 (16,26),(24,25),(36,9),
200 117 162 361 0
203 118 186 351 2 (16,18),(35,7),
203 119 236 228 0
206 120 6 366 2 (9,7),(22,20),
207 121 106 361 0
210 122 50 242 0
213 123 83 269 0
215 124 22 80 0
218 125 32 4 0
220 126 180 279 0
222 127 245 95 0
222 128 35 32 0
223 129 195 47 1 (9,22),
223 130 237 146 0
224 131 80 234 0
227 132 28 12 0 
227 133 182 350 0
230 134 217 257 0
230 135 175 107 0
231 136 92 10 0
233 137 25 339 3 (11,27),(18,7),(25,29),
235 138 179 85 0
237 139 227 143 0
239 140 190 166 0
239 141 144 151 0
241 142 172 73 0
243 143 106 274 0
243 144 284 363 3 (9,25),(26,7),(31,22),
244 145 188 218 0
247 146 116 169 0
250 147 9 141 0
251 148 285 264 0
252 149 253 280 0
253 150 29 281 0
253 151 78 140 0
253 152 175 22 0
254 153 261 76 0
256 154 91 318 0 
258 155 280 298 1 (19,29),
259 156 40 120 4 (21,7),(39,24),(47,10),(69,16),
260 157 143 33 0
261 158 108 24 0
264 159 34 137 3 (5,25),(22,28),(31,7),
265 160 44 251 0 
266 161 264 254 1 (1,12),
268 162 6 145 0
271 163 200 212 0
272 164 180 392 0
272 165 17 117 0
272 166 122 28 4 (8,10),(13,14),(21,6),(36,18),
273 167 6 22 0
275 168 136 371 0
276 169 236 108 0
279 170 31 130 0
282 171 75 252 0
285 172 83 139 0 
288 173 170 217 0
291 174 54 5 0
294 175 247 386 0
295 176 43 154 0
297 177 185 313 3 (17,19),(21,5),(38,21),
300 178 176 367 0
301 179 29 287 0
301 180 112 151 0
301 181 57 323 0
301 182 8 263 0
303 183 203 85 3 (7,22),(22,15),(38,23),
305 184 104 372 0
307 185 15 109 0
308 186 233 53 0
311 187 122 230 0
313 188 84 325 0
314 189 125 351 1 (15,23),
316 190 79 324 0
319 191 51 50 0 
320 192 216 20 0
323 193 57 209 1 (17,8),
323 194 215 40 4 (17,5),(23,12),(41,12),(54,17),
325 195 279 62 0
327 196 209 226 0
327 197 291 396 1 (1,29),
327 198 255 346 0
330 199 70 223 0
330 200 246 62 0
331 201 35 230 0
332 202 230 315 0
332 203 36 137 0
334 204 127 344 0
337 205 259 224 0
340 206 202 79 0
341 207 11 377 0
342 208 37 79 0
345 209 82 227 0
347 210 282 122 0
347 211 146 99 0
349 212 108 136 0
349 213 277 19 0
352 214 153 211 0
354 215 50 174 0
356 216 271 185 0
357 217 173 53 0
357 218 226 92 0
357 219 50 366 0 
358 220 229 148 0
361 221 109 179 0
362 222 222 240 0
365 223 65 193 0
368 224 261 358 0
370 225 210 191 0
371 226 32 287 1 (12,9),
373 227 234 327 3 (16,10),(30,12),(39,13),
376 228 232 345 2 (2,7),(12,8),
379 229 121 171 3 (19,8),(32,24),(40,13),
381 230 89 173 4 (19,11),(27,13),(46,23),(62,18),
383 231 72 20 0
383 232 17 153 0
386 233 133 127 3 (21,9),(43,9),(56,27),
389 234 51 229 0
389 235 270 142 0
391 236 219 370 0
394 237 139 379 0
397 238 273 164 0
400 239 275 129 0
401 240 226 266 1 (19,27),
404 241 4 148 0
406 242 123 66 0
408 243 75 106 0 
410 244 215 366 0
411 245 281 168 0
411 246 158 239 0
414 247 97 6 0
416 248 66 335 0
417 249 94 159 0
418 250 297 333 1 (3,26),
420 251 188 127 0
422 252 248 284 0
422 253 230 263 0
425 254 79 140 0
427 255 52 204 0
428 256 41 258 0
430 257 223 297 2 (15,23),(26,25),
430 258 44 272 0
432 259 88 112 0
434 260 183 333 0
3 21
36 229
