2 4 4 2
8
14 39 55 3 8
183
5 1 249 210 0
7 2 220 361 0 
7 3 58 386 0
9 4 76 150 0
10 5 144 149 0
10 6 116 193 0
11 7 237 11 0
14 8 164 309 0
17 9 73 262 2 (11,10),(28,24),
17 10 295 355 0
18 11 10 40 4 (23,25),(43,23),(60,27),(79,18),
19 12 253 316 1 (15,12),
21 13 21 168 0
24 14 142 254 0
27 15 294 189 0
30 16 175 85 4 (20,21),(42,14),(60,19),(75,23),
33 17 133 309 0
34 18 102 120 0
36 19 36 220 0
36 20 282 381 0
36 21 293 374 0
36 22 93 87 0
36 23 128 119 0
38 24 241 59 0
39 25 258 391 0
42 26 9 68 0
45 27 39 35 0
47 28 136 129 3 (7,10),(15,16),(23,23),
47 29 170 87 3 (22,27),(39,22),(50,14),
48 30 132 344 0
51 31 262 328 0
53 32 135 360 0
54 33 192 114 1 (18,6),
56 34 38 228 0
58 35 296 178 0
60 36 78 397 0
60 37 208 140 0
60 38 152 42 0
63 39 150 311 0
66 40 69 48 0
67 41 139 65 0
69 42 226 200 3 (11,29),(21,13),(42,28),
69 43 58 55 0
72 44 265 48 0
73 45 145 221 0
74 46 202 337 0
77 47 252 31 0
78 48 53 80 3 (5,5),(22,12),(32,21),
79 49 95 109 0
81 50 62 57 1 (18,21),
82 51 282 2 0
84 52 293 31 0
86 53 33 301 0 
87 54 4 255 0
90 55 285 263 0
90 56 277 0 0
91 57 27 196 3 (3,8),(24,28),(29,17),
91 58 13 333 0
94 59 195 277 0
96 60 192 115 0
96 61 90 40 0
96 62 115 199 3 (4,21),(22,18),(44,11),
98 63 290 288 0
99 64 232 60 3 (19,10),(33,6),(47,28),
99 65 275 338 0
100 66 286 234 3 (16,27),(26,18),(30,25),
102 67 38 310 0
102 68 61 391 0
103 69 61 3 0
103 70 78 116 0
106 71 171 291 0
108 72 293 200 0
110 73 252 51 0
110 74 161 139 0
111 75 9 389 4 (11,21),(23,21),(40,16),(56,14),
114 76 295 245 0
114 77 11 243 0
117 78 270 85 0
118 79 29 32 0
120 80 214 304 3 (11,7),(26,13),(44,21),
121 81 159 320 0
124 82 26 332 0
125 83 30 225 0
126 84 157 314 1 (20,11),
128 85 259 259 0
128 86 99 123 0
130 87 258 70 0
131 88 115 144 0
131 89 115 310 0
134 90 232 378 2 (8,8),(24,28),
136 91 41 306 0
137 92 278 262 0
139 93 24 27 0
140 94 131 326 0
141 95 164 320 0 
141 96 198 77 0
143 97 82 308 0
146 98 217 79 0
148 99 90 298 0
150 100 67 389 0
151 101 200 218 0
152 102 71 237 0
153 103 210 373 0
155 104 181 202 0
157 105 18 239 0
158 106 70 97 0
161 107 198 160 0
162 108 269 95 0
164 109 36 23 0
164 110 187 305 1 (4,21),
166 111 121 18 0
169 112 96 334 0
171 113 132 203 0
171 114 100 4 0
172 115 187 253 0
172 116 108 358 0
172 117 64 227 0
173 118 115 122 0
173 119 264 109 0
174 120 110 104 0
174 121 203 253 0
176 122 118 206 0 
179 123 271 333 0 
179 124 91 106 0
180 125 50 36 1 (5,14),
180 126 24 1 0
182 127 281 299 0
184 128 33 371 0 
185 129 5 23 0
187 130 263 30 0
187 131 233 138 0
189 132 104 291 0
192 133 112 50 3 (16,8),(25,23),(30,11),
192 134 167 167 0
193 135 296 394 0
193 136 177 22 0
196 137 298 47 0
198 138 37 227 0
198 139 71 83 0
200 140 105 306 0
200 141 172 75 0
201 142 223 200 0
203 143 188 336 0
203 144 241 368 1 (15,11),
206 145 122 93 0
209 146 201 270 0
209 147 118 359 3 (17,17),(28,7),(37,22),
210 148 264 146 0
213 149 121 144 0
214 150 16 390 0
217 151 194 146 0
220 152 37 49 0
223 153 110 257 0
226 154 142 378 0
226 155 115 265 0
228 156 18 301 0
229 157 212 277 0
231 158 225 201 0
231 159 92 329 0
231 160 17 387 3 (12,19),(26,16),(34,7),
232 161 147 115 0 
232 162 185 32 0
235 163 29 200 0
237 164 229 79 0
239 165 178 168 0
242 166 45 82 0
243 167 38 258 0
246 168 284 64 0
248 169 8 97 0
250 170 153 85 0
250 171 7 354 0
253 172 27 1 0
254 173 195 375 0
255 174 295 231 0
257 175 54 341 0 
259 176 217 193 0
262 177 253 228 0
265 178 279 78 0
266 179 258 204 0
267 180 245 89 0
269 181 177 176 0
269 182 63 37 0
272 183 99 385 4 (20,13),(41,18),(53,10),(68,7),
15 1
21 95
34 67
37 124
39 104
59 100
69 76
