3 4 3 1
7
17 28 54 3 3
135
4 1 266 288 0
4 2 98 387 0
7 3 130 222 0
10 4 217 114 0
11 5 272 209 0
12 6 217 282 0 
14 7 90 394 3 (3,19),(20,14),(26,13),
17 8 157 22 0 
20 9 235 319 0
21 10 127 362 0
22 11 280 190 0
22 12 153 135 3 (20,19),(26,12),(35,7),
22 13 288 115 2 (3,18),(17,27),
23 14 219 113 0
24 15 122 30 0
25 16 13 188 1 (3,18),
25 17 49 364 0
25 18 6 349 0
26 19 33 375 0
26 20 224 252 0
29 21 265 36 0
30 22 16 271 0
30 23 197 11 0
31 24 277 296 2 (16,26),(23,29),
34 25 222 368 0
36 26 7 69 3 (20,14),(23,29),(36,15),
38 27 25 215 0
38 28 202 212 0
41 29 213 122 0
41 30 81 229 0
41 31 53 303 1 (17,11),
43 32 78 221 0
43 33 160 34 0
46 34 65 101 0
48 35 104 228 0
48 36 195 9 0
49 37 141 76 0
52 38 185 167 0
53 39 180 154 0
55 40 268 288 0
57 41 102 353 0
57 42 236 90 0
60 43 171 26 0
62 44 256 63 0
63 45 70 352 3 (11,27),(25,6),(47,14),
66 46 6 176 0
67 47 109 194 0
70 48 105 181 0
73 49 236 24 0
75 50 240 18 0
78 51 150 388 0
78 52 123 382 0
78 53 95 37 0
79 54 177 259 0
79 55 71 64 0
82 56 214 128 0
84 57 37 237 0
85 58 102 87 0
86 59 285 72 0
87 60 276 284 0 
88 61 6 102 0
88 62 242 152 0
89 63 55 333 0
92 64 237 101 1 (17,24),
92 65 92 117 0
92 66 168 287 0
92 67 183 310 0
93 68 0 50 0
94 69 31 322 0
97 70 160 192 0
100 71 266 38 0 
101 72 27 11 0
101 73 51 366 0
101 74 141 349 0
104 75 104 188 0 
106 76 14 108 0
108 77 211 109 0
109 78 107 9 1 (10,16),
112 79 135 237 0
113 80 164 232 0
113 81 6 303 0
113 82 228 312 0
114 83 77 238 0
115 84 150 345 2 (8,10),(23,7),
118 85 168 7 0
120 86 170 35 0
122 87 99 48 0
124 88 270 364 0
125 89 90 47 1 (11,24),
128 90 223 293 0
131 91 50 184 0
132 92 127 231 3 (21,10),(31,19),(51,28),
135 93 114 194 0
135 94 289 222 0
137 95 132 320 0
140 96 132 126 0
140 97 52 59 0
141 98 52 121 0
143 99 177 251 0
143 100 247 239 0
144 101 187 284 0
146 102 66 345 0
147 103 62 46 0
149 104 143 15 0
152 105 285 198 2 (14,14),(29,21),
155 106 123 395 0
156 107 171 57 0
157 108 233 305 0
159 109 252 146 1 (19,7),
160 110 86 188 0
162 111 42 359 1 (15,26),
165 112 231 223 0
167 113 93 111 0 
168 114 241 96 1 (8,7),
170 115 120 86 4 (8,11),(22,9),(28,28),(37,15),
171 116 105 324 2 (17,8),(31,15),
173 117 253 26 0
175 118 72 201 3 (6,25),(22,14),(26,21),
177 119 53 320 0
179 120 249 316 0
180 121 127 336 0
182 122 296 379 0
184 123 33 207 0
184 124 290 45 0
185 125 217 275 0
187 126 35 339 0
190 127 77 261 0
193 128 274 224 0
194 129 194 117 0
195 130 214 12 0 
198 131 127 347 0
201 132 174 277 0
203 133 73 205 0
206 134 101 144 0
206 135 181 196 0
9 25
17 118
