3 4 3 3
5
11 27 64 7 4
128
4 1 34 190 0
7 2 231 380 0
8 3 0 384 0
10 4 203 35 1 (17,27),
13 5 72 46 0
16 6 204 149 0
18 7 20 70 0
19 8 186 94 0
19 9 275 91 0
20 10 128 214 0
21 11 207 129 0
22 12 38 381 0
24 13 72 144 0
24 14 223 293 0
24 15 46 67 0
24 16 220 307 0
27 17 289 28 0
28 18 196 353 0
28 19 72 158 0
28 20 202 127 0
28 21 35 370 0
29 22 198 125 0
31 23 273 83 0
32 24 105 227 0 
33 25 84 18 0
34 26 149 275 0
36 27 25 346 0
36 28 109 180 0
36 29 79 56 0
39 30 70 309 0
39 31 67 200 3 (14,21),(26,25),(39,19),
39 32 299 151 0
39 33 145 243 0
42 34 209 360 0
45 35 129 55 0
46 36 44 362 1 (17,23),
49 37 209 259 0
50 38 132 172 0
53 39 186 278 0
56 40 139 73 0
59 41 247 10 0
62 42 133 264 0
64 43 139 340 0
65 44 54 33 0
65 45 99 77 0
66 46 134 334 0
68 47 34 336 0
69 48 174 286 0
71 49 218 192 0
72 50 17 36 4 (11,22),(17,20),(30,20),(40,24),
72 51 158 52 0
74 52 281 65 0
76 53 152 287 0
76 54 213 127 0
79 55 157 140 0
81 56 138 392 0
83 57 233 268 0
86 58 242 154 0
87 59 28 37 3 (7,11),(11,18),(32,24),
88 60 262 186 0
89 61 81 275 2 (13,15),(30,27),
89 62 208 228 0
89 63 275 303 3 (20,9),(34,6),(44,23),
90 64 150 4 4 (13,20),(18,11),(35,21),(39,11),
92 65 87 168 2 (8,27),(11,20),
94 66 116 109 3 (14,14),(22,15),(29,17),
95 67 244 152 0
96 68 15 170 0
96 69 37 50 0
96 70 202 205 0
99 71 75 385 0
101 72 268 224 0
101 73 80 283 0
101 74 105 357 0
101 75 157 42 0
102 76 230 224 2 (11,27),(25,18),
103 77 135 292 0
104 78 22 254 0
104 79 99 76 0
105 80 205 30 0
106 81 142 234 4 (9,28),(19,11),(36,24),(56,13),
106 82 220 352 4 (6,17),(17,6),(23,20),(38,27),
108 83 178 283 0
110 84 266 96 1 (8,14),
111 85 127 224 0
113 86 208 345 2 (12,12),(14,18),
113 87 266 319 0
115 88 235 182 0
116 89 251 369 0 
118 90 297 342 0
120 91 102 50 0
121 92 272 56 0
123 93 160 187 0 
125 94 20 193 0
127 95 22 29 0
129 96 30 43 0
132 97 8 83 0
135 98 180 63 1 (16,28),
135 99 87 343 0
136 100 207 35 3 (11,28),(29,24),(44,9),
138 101 92 85 0
141 102 266 58 0
142 103 232 150 1 (3,12),
145 104 67 271 0
148 105 162 219 0
148 106 210 324 0
149 107 192 45 0
149 108 231 121 0
150 109 60 129 0 
151 110 198 207 1 (16,28),
151 111 230 19 0
151 112 9 322 2 (8,5),(27,24),
153 113 103 58 4 (18,17),(30,12),(46,14),(51,11),
153 114 135 51 0
153 115 233 242 0
155 116 194 331 0
156 117 136 89 0
157 118 141 251 4 (5,5),(12,11),(34,15),(49,21),
160 119 210 82 0
162 120 191 293 1 (11,29),
165 121 5 19 0
167 122 207 63 2 (21,20),(23,8),
170 123 66 380 0
170 124 243 212 0
170 125 263 206 0
170 126 46 286 0
172 127 155 39 4 (13,27),(18,26),(26,22),(43,7),
173 128 270 273 0
38 33
60 103
64 78
72 123
83 98
111 50
150 87
168 43
