TT  PID  AT  CT  IO_D  WT  RT  TRT
29   2    7   22    0   0   0   22
32   8    15   3    0   14   14   17
74   22    41   32    0   1   1   33
139   64    101   38    0   0   0   38
162   5    12   150    0   0   0   150
179   31    52   118    0   9   9   127
193   28    48   31    0   114   114   145
211   108    174   27    0   10   10   37
216   116    185   5    0   26   26   31
224   4    9   215    0   0   0   215
236   117    185   20    0   31   31   51
265   103    164   16    0   85   -1   101
270   118    188   29    0   53   -1   82
275   115    182   39    0   54   54   93
285   56    89   10    0   186   186   196
285   43    71   99    0   115   37   214
290   81    125   24    0   141   99   165
305   104    165   15    0   125   125   140
306   179    283   22    0   1   1   23
339   123    196   33    0   110   110   143
374   190    299   67    0   8   8   75
429   71    114   55    0   260   260   315
437   237    380   50    0   7   7   57
439   83    129   11    0   299   299   310
468   242    178   268    0   22   -1   290
468   180    284   51    0   133   -1   184
468   181    285   49    0   134   -1   183
468   134    218   64    11   186   51   250
468   182    288   31    0   149   -1   180
468   183    288   183    0   -3   -1   180
468   184    291   51    0   126   -1   177
468   185    292   222    0   -46   -1   176
468   186    294   95    0   79   -1   174
468   187    295   208    0   -35   -1   173
468   155    246   112    0   110   8   222
468   163    257   1    0   210   -1   211
468   69    110   99    0   259   69   358
468   167    262   25    0   181   -1   206
468   6    14   44    0   410   0   454
468   162    255   33    0   180   -1   213
468   168    265   35    0   168   -1   203
468   52    87   49    0   332   -1   381
468   164    257   56    0   155   -1   211
468   82    126   65    0   277   -1   342
468   165    258   67    0   143   -1   210
468   51    84   92    0   292   -1   384
468   86    136   100    0   232   -1   332
468   78    122   102    0   244   -1   346
468   95    151   113    0   204   -1   317
468   62    96   126    0   246   -1   372
468   157    249   127    0   92   -1   219
468   15    25   131    0   312   -1   443
468   33    55   138    0   275   -1   413
468   3    7   192    0   269   0   461
468   154    246   179    0   43   -1   222
468   169    266   191    0   11   -1   202
468   61    95   221    0   152   -1   373
468   21    39   248    0   181   -1   429
468   34    58   290    0   120   -1   410
468   156    249   221    0   -2   -1   219
468   75    116   273    0   79   -1   352
468   60    93   299    0   76   -1   375
468   73    115   249    0   104   -1   353
468   94    150   40    0   278   135   318
468   68    107   43    0   318   -1   361
468   42    71   185    0   212   -1   397
468   10    19   93    0   356   3   449
468   122    196   119    0   153   -1   272
468   100    158   150    0   160   39   310
468   112    177   183    0   108   -1   291
468   109    174   209    0   85   -1   294
468   102    162   241    0   65   -1   306
468   36    63   267    0   138   -1   405
468   198    315   145    0   8   -1   153
468   227    360   186    0   -78   -1   108
468   210    334   221    0   -87   -1   134
468   223    356   260    0   -148   -1   112
468   138    221   68    0   179   79   247
468   128    206   89    0   173   15   262
468   9    16   103    0   349   16   452
468   30    49   112    0   307   11   419
468   37    65   120    0   283   -1   403
468   161    253   133    0   82   -1   215
468   222    354   155    0   -41   -1   114
468   63    98   191    0   179   -1   370
468   124    196   205    0   67   -1   272
468   200    320   221    0   -73   -1   148
468   35    60   269    0   139   16   408
468   58    89   284    0   95   -1   379
468   239    35   284    0   149   127   433
468   129    208   43    0   217   21   260
471   74    115   44    0   312   190   356
492   204    327   98    0   67   7   165
515   226    360   44    0   111   111   155
550   202    322   127    0   101   4   228
561   76    119   46    0   396   396   442
584   59    91   80    0   413   48   493
640   88    139   90    0   411   411   501
662   16    28   70    0   564   375   634
662   45    75   93    0   494   494   587
674   39    67   19    0   588   257   607
685   230    367   46    0   272   194   318
764   212    339   46    0   379   346   425
795   175    278   43    0   474   214   517
802   159    251   126    0   425   425   551
803   244    480   268    0   55   -1   323
803   139    221   124    0   458   87   582
803   216    343   126    0   334   -1   460
803   92    147   85    0   571   192   656
803   141    225   64    21   514   106   578
803   20    37   234    0   532   -1   766
803   240    39   280    0   484   429   764
808   196    311   125    0   372   -1   497
840   218    347   59    0   434   142   493
840   132    213   148    0   479   40   627
887   84    130   47    0   710   710   757
900   219    348   59    0   493   493   552
942   211    336   52    0   554   145   606
949   149    235   62    0   652   494   714
973   172    271   93    0   609   362   702
1000   229    364   58    0   578   578   636
1014   77    120   65    0   829   829   894
1037   206    329   141    0   567   312   708
1060   55    88   60    0   912   912   972
1101   246    854   225    0   22   -1   247
1101   89    142   93    0   866   -1   959
1101   48    81   95    0   925   -1   1020
1101   225    358   100    0   643   -1   743
1101   41    68   112    0   921   -1   1033
1101   44    72   115    0   914   -1   1029
1101   101    161   127    0   813   -1   940
1101   152    242   136    0   723   153   859
1101   220    349   141    0   611   -1   752
1101   96    154   163    0   784   11   947
1101   170    266   166    0   669   -1   835
1101   199    317   174    0   610   -1   784
1101   1    4   232    0   865   0   1097
1101   153    243   175    0   683   -1   858
1101   145    227   182    0   692   -1   874
1101   90    144   259    0   698   828   957
1101   38    65   89    0   947   -1   1036
1101   191    302   127    0   672   -1   799
1101   188    296   211    0   594   -1   805
1101   49    81   105    0   915   -1   1020
1101   27    46   235    0   820   547   1055
1101   215    342   299    0   460   491   759
1101   140    222   291    0   588   94   879
1101   57    89   152    0   860   640   1012
1101   174    276   290    0   535   389   825
1101   19    34   191    0   876   40   1067
1101   18    31   201    0   869   754   1070
1101   197    314   226    0   561   -1   787
1101   87    138   249    0   714   671   963
1101   241    170   276    0   655   633   931
1101   173    273   71    0   757   224   828
1117   214    341   51    35   725   500   776
1131   171    269   124    0   738   476   862
1150   121    193   104    0   853   747   957
1194   98    156   88    0   950   25   1038
1249   113    177   91    0   981   560   1072
1274   126    201   140    0   933   336   1073
1294   91    147   107    0   1040   264   1147
1314   147    230   95    0   989   547   1084
1400   177    279   93    0   1028   226   1121
1414   248    1117   264    0   33   -1   297
1414   93    147   148    0   1119   1146   1267
1414   209    334   206    0   874   315   1080
1414   238    380   133    0   901   373   1034
1414   143    227   165    0   1022   112   1187
1414   127    203   173    0   1038   10   1211
1414   217    345   184    0   885   -1   1069
1414   26    45   241    0   1128   1089   1369
1414   158    250   242    0   922   -1   1164
1414   110    174   288    0   952   742   1240
1414   221    351   292    0   771   -1   1063
1414   70    111   131    0   1172   1162   1303
1414   235    375   152    22   887   775   1039
1414   130    210   140    0   1064   27   1204
1414   232    369   212    26   833   424   1045
1414   25    45   106    0   1263   1196   1369
1414   50    83   89    0   1242   950   1331
1414   125    199   196    0   1019   787   1215
1414   107    171   246    0   997   256   1243
1414   14    23   285    0   1106   11   1391
1414   243    468   280    0   666   633   946
1511   228    361   106    0   1044   152   1150
1555   208    331   190    0   1034   776   1224
1556   144    227   275    0   1054   120   1329
1603   106    171   207    0   1225   1253   1432
1646   136    220   118    0   1308   64   1426
1670   12    22   121    0   1527   16   1648
1702   250    1461   219    0   22   -1   241
1702   213    340   230    0   1132   -1   1362
1702   23    42   263    0   1397   -1   1660
1702   195    309   264    0   1129   -1   1393
1702   151    239   288    0   1175   -1   1463
1702   133    216   202    23   1284   45   1486
1702   189    299   162    17   1241   246   1403
1702   234    372   221    0   1109   213   1330
1702   105    168   203    0   1331   -1   1534
1702   114    179   254    0   1269   1278   1523
1702   11    19   278    0   1405   -1   1683
1702   245    813   266    0   623   601   889
1797   142    227   240    0   1330   1222   1570
1818   80    124   186    0   1508   1309   1694
1854   72    114   130    0   1610   415   1740
1924   79    123   127    0   1674   1182   1801
1924   97    154   193    0   1577   19   1770
1956   207    330   164    0   1462   967   1626
1991   252    1712   257    0   22   -1   279
1991   99    157   200    0   1634   32   1834
1991   193    304   110    0   1577   1096   1687
1991   47    80   176    0   1735   44   1911
1991   85    133   231    0   1627   1228   1858
1991   17    30   273    0   1688   787   1961
1991   119    189   292    0   1510   775   1802
1991   247    1114   267    0   610   588   877
2014   178    280   125    0   1609   241   1734
2049   194    306   207    0   1536   455   1743
2138   205    329   218    37   1591   797   1809
2139   46    77   197    0   1865   1621   2062
2214   29    48   212    0   1954   1772   2166
2268   231    367   143    0   1758   1775   1901
2274   254    2018   223    0   33   -1   256
2274   66    104   111    50   2059   1305   2170
2274   65    102   188    62   1984   459   2172
2274   236    378   205    0   1691   191   1896
2274   67    104   275    21   1895   1794   2170
2274   53    87   239    0   1948   1055   2187
2274   249    1441   239    0   594   550   833
2365   120    192   241    0   1932   732   2173
2407   7    15   219    36   2173   77   2392
2494   137    221   215    0   2058   356   2273
2565   256    2286   246    0   33   -1   279
2565   131    213   230    0   2122   32   2352
2565   150    237   238    0   2090   150   2328
2565   251    1711   258    0   596   563   854
2624   111    175   217    0   2232   2232   2449
2714   160    252   297    0   2165   1622   2462
2727   135    218   280    0   2229   58   2509
2774   166    261   251    0   2262   340   2513
2796   255    2277   255    0   264   -1   519
2796   257    2565   231    0   0   -1   231
2796   258    2575   221    0   0   -1   221
2796   253    1999   231    0   566   566   797
2805   24    45   261    0   2499   1601   2760
2825   40    68   223    0   2534   381   2757
2884   32    54   261    0   2569   14   2830
2994   54    87   204    0   2703   2241   2907
3129   176    279   242    0   2608   1359   2850
3148   233    369   277    0   2502   563   2779
3151   260    3012   117    0   22   -1   139
3151   261    3017   112    0   22   -1   134
3151   259    2978   141    0   32   10   173
3207   201    322   248    46   2637   1464   2885
3300   192    304   247    0   2749   353   2996
3307   224    357   286    64   2664   1357   2950
3635   203    324   299    0   3012   445   3311
3642   13    22   260    0   3360   2509   3620
3685   146    227   279    0   3179   128   3458
3774   265    3701   73    0   0   -1   73
3774   262    3674   92    0   8   8   100
3778   264    3682   92    0   4   -1   96
3778   266    3775   85    0   -82   -1   3
3778   263    3680   86    0   12   94   98
3778   148    232   297    0   3249   139   3546
Processes: 266
Avg WT: 730.654,  Avg RT: 286.421, Avg TRT: 887.244
Migration %: RTF:1.12782% MaxW: 6.01504%
Work Steal % : 83.8346%
Forked Process % : 3.38346%
Killed process % : 9.02256%

Processors: 7 [1 FCFS, 4 SJF, 1 RR, 1EDF]
Processors Load
P1=1.19149%, P2=1.11226%, P3=1.247%, P4=1.02158%, P5=1.12454%, P6=N/A, P7=0.526256%, 
Processors Util
P1=82.3426%, P2=77.1152%, P3=84.8127%, P4=71.9916%, P5=78.4743%, P6=91.7247%, P7=36.4865%, 
Avg Util: 74%
Percentage of processes completed before their expected deadline: 3.00752%
